1 57 12675 24318165 414295148741 62567386502084877 83677847847984287628595 990966953618170260281935463385 103919148791293834318983090438798793469 96498428501909654589630887978835098088148177857 793474866816582266820936671790189132321673383112185151899 57774258489513238998237970307483999327287210756991189655942651331169 37249792307686396442294904767024517674249157948208717533254799550970595875237705 212667732900366224249789357650440598098805861083269127196623872213228196352455447575029701325 10751464308361383118768413754866123809733788820327844402764601662870883601711298309339239868998337801509491 4813066963822755416429056022484299646486874100967249263944719599975607459850502222039591149331431805524655467453067042377 19079388919628199204605726181850465220151058338147922243967269231944059187214767997105992341735209230667288462179090073659712583262087437

1
A1

20
10
:-)

122
101
110
:-)

1200
2021
1102
0210
A4

11101
21100
22110
20111
12012
A1

102020
212220
201201
211012
122102
001210
D1

1001022
2020111
2022112
2221002
1001100
1000201
2021021
:-)

02121010
11122022
10212212
01112220
11222011
22001010
02121200
20212000
D1

020022211
210202222
011020112
100010110
212112200
210212021
201020000
221020002
100110102
J9

0120011111
0201011000
0121021011
2122001221
0020011102
1001011122
1111002000
2200021021
0001002000
0102102010
:-)

01022202200
02020120011
12010012000
01122002110
11111110012
22221100010
11201210001
10011110021
20111111212
02210011020
11020120120
K3

010001222121
021212222000
010220020200
010122112222
120002211120
222122212002
020212212222
020202112121
201222110122
000020122202
221210020122
010222200012
M5

0021000102222
1202221211002
0002122111221
2020122102010
0100210001122
0221012202021
1101210201211
2020010011100
2221120001222
1211111010001
1012211122022
0220021210010
2020201001022
H12

00120202111122
22000211202222
01102222201221
21010000200201
00212102020022
01112021200121
01211021002210
11200011002102
22122010211110
22110212022021
11101011122210
12010122201202
21100121221020
11220222101011
A2

001021211022200
201222011000012
021221011001202
221201120001012
112120010211010
022122202100200
122010110022101
010021001102010
122210211011010
201201221221112
211002222102001
020011021201220
121002102122212
210201211210012
202222100221201
F15

0002210201112021
1121000012110212
1220122110112200
1020021222021021
0111011021011012
0222220012022012
1002100000100202
1010211112010010
1221102111020112
1100211020100100
0212102201101201
2102102220011222
2202200021001010
2002200222200000
0220220110000212
0112202101220001
Q16

00012222222202201
01122012101000201
22011202122122011
12202012212010111
02101201222010122
10002220211122200
01011210110021011
11200221112000020
11220001201121211
02212202212220102
01012111020100222
11100021001112212
00211110021010222
10112210020221020
02002211000112121
00100210020212112
11202010010110222
Q6
